%YAML:1.0
---
world2cam: !!opencv-matrix
   rows: 3
   cols: 3
   dt: d
   data: [ -2.1137872615240636e+02, 3.2787295854446916e+02,
       -2.4455299876466704e+01, -7.4760876941297440e+01,
       4.6385512378691098e+00, -1.1240508510600951e+02,
       -6.2406434412235312e-01, -8.0980872997088178e-04,
       -6.6829740407705798e-02 ]
cam2world: !!opencv-matrix
   rows: 3
   cols: 3
   dt: d
   data: [ -1.8762043611284385e-05, 1.0260819548851812e-03,
       -1.7189651996396818e+00, 3.0481789163862567e-03,
       -5.3115731145515072e-05, -1.0260948311204694e+00,
       1.3826599485942267e-04, -9.5810359983770424e-03,
       1.1009444296124105e+00 ]
